{
 "cells": [
  {
   "cell_type": "markdown",
   "metadata": {},
   "source": [
    "# Calculator correlation\n",
    "* The correlation metrify a relation inter two variables.\n",
    "\n",
    "* The result stay inter -1 ~ 1.\n",
    "\n",
    "> correlation = 1, the movements this variables are the same direction.\n",
    "\n",
    "> correlation = 0, the movements this variables are don't have relations.\n",
    "\n",
    "> correlation = -1, the movements this variables are the oposite direction.\n",
    "\n",
    "* For one example, imagine to we want to calculation a relation inter ITUB4 and BBAS3, likely the correlation go be very agressive, one time this is tow banks."
   ]
  },
  {
   "cell_type": "markdown",
   "metadata": {},
   "source": [
    "### Here, you import the libs who the you go to the use in this application. "
   ]
  },
  {
   "cell_type": "code",
   "execution_count": 1,
   "metadata": {},
   "outputs": [
    {
     "name": "stderr",
     "output_type": "stream",
     "text": [
      "C:\\Users\\Usuario\\Anaconda3\\lib\\site-packages\\pandas_datareader\\compat\\__init__.py:7: FutureWarning: pandas.util.testing is deprecated. Use the functions in the public API at pandas.testing instead.\n",
      "  from pandas.util.testing import assert_frame_equal\n"
     ]
    }
   ],
   "source": [
    "import numpy as np\n",
    "import pandas as pd\n",
    "import pandas_datareader.data as web\n",
    "\n",
    "import matplotlib.pyplot as plt\n",
    "import investpy as inv\n",
    "\n",
    "from scipy import stats\n",
    "\n",
    "import yfinance as yf"
   ]
  },
  {
   "cell_type": "markdown",
   "metadata": {},
   "source": [
    "## Choosing the stocks\n",
    "\n",
    "* How we are picking stocks the yahoo finance, it's codes are more .SA.  \n",
    "\n",
    "* In Case you want choice others stocks, enough change his names in the code, or puth more others."
   ]
  },
  {
   "cell_type": "code",
   "execution_count": 2,
   "metadata": {},
   "outputs": [],
   "source": [
    "papeis = ['ITUB4.SA', 'PETR4.SA', 'VVAR3.SA', 'BBDC4.SA', 'VALE3.SA', 'CIEL3.SA', \n",
    "          'CSAN3.SA', 'ABEV3.SA', 'AZUL4.SA', 'BTOW3.SA', 'B3SA3.SA', 'BBAS3.SA', '^BVSP']\n",
    "PAPEIS_ANALISADOS = pd.DataFrame()\n",
    "for papel in papeis:\n",
    "    PAPEIS_ANALISADOS[papel] = web.DataReader(papel, data_source= 'yahoo',start= '01/01/2015')['Close']"
   ]
  },
  {
   "cell_type": "code",
   "execution_count": 3,
   "metadata": {},
   "outputs": [],
   "source": [
    "correlacoes = PAPEIS_ANALISADOS.corr()"
   ]
  },
  {
   "cell_type": "code",
   "execution_count": 4,
   "metadata": {},
   "outputs": [
    {
     "data": {
      "text/html": [
       "<div>\n",
       "<style scoped>\n",
       "    .dataframe tbody tr th:only-of-type {\n",
       "        vertical-align: middle;\n",
       "    }\n",
       "\n",
       "    .dataframe tbody tr th {\n",
       "        vertical-align: top;\n",
       "    }\n",
       "\n",
       "    .dataframe thead th {\n",
       "        text-align: right;\n",
       "    }\n",
       "</style>\n",
       "<table border=\"1\" class=\"dataframe\">\n",
       "  <thead>\n",
       "    <tr style=\"text-align: right;\">\n",
       "      <th></th>\n",
       "      <th>ITUB4.SA</th>\n",
       "      <th>PETR4.SA</th>\n",
       "      <th>VVAR3.SA</th>\n",
       "      <th>BBDC4.SA</th>\n",
       "      <th>VALE3.SA</th>\n",
       "      <th>CIEL3.SA</th>\n",
       "      <th>CSAN3.SA</th>\n",
       "      <th>ABEV3.SA</th>\n",
       "      <th>AZUL4.SA</th>\n",
       "      <th>BTOW3.SA</th>\n",
       "      <th>B3SA3.SA</th>\n",
       "      <th>BBAS3.SA</th>\n",
       "      <th>^BVSP</th>\n",
       "    </tr>\n",
       "  </thead>\n",
       "  <tbody>\n",
       "    <tr>\n",
       "      <th>ITUB4.SA</th>\n",
       "      <td>1.000000</td>\n",
       "      <td>0.921835</td>\n",
       "      <td>0.311067</td>\n",
       "      <td>0.973263</td>\n",
       "      <td>0.822178</td>\n",
       "      <td>-0.648587</td>\n",
       "      <td>0.531612</td>\n",
       "      <td>0.113629</td>\n",
       "      <td>0.803511</td>\n",
       "      <td>0.368923</td>\n",
       "      <td>0.637252</td>\n",
       "      <td>0.957954</td>\n",
       "      <td>0.896442</td>\n",
       "    </tr>\n",
       "    <tr>\n",
       "      <th>PETR4.SA</th>\n",
       "      <td>0.921835</td>\n",
       "      <td>1.000000</td>\n",
       "      <td>0.469080</td>\n",
       "      <td>0.920320</td>\n",
       "      <td>0.881316</td>\n",
       "      <td>-0.784997</td>\n",
       "      <td>0.699812</td>\n",
       "      <td>-0.115752</td>\n",
       "      <td>0.763185</td>\n",
       "      <td>0.591915</td>\n",
       "      <td>0.788038</td>\n",
       "      <td>0.941147</td>\n",
       "      <td>0.962947</td>\n",
       "    </tr>\n",
       "    <tr>\n",
       "      <th>VVAR3.SA</th>\n",
       "      <td>0.311067</td>\n",
       "      <td>0.469080</td>\n",
       "      <td>1.000000</td>\n",
       "      <td>0.300612</td>\n",
       "      <td>0.590102</td>\n",
       "      <td>-0.527684</td>\n",
       "      <td>0.779709</td>\n",
       "      <td>-0.289727</td>\n",
       "      <td>0.052480</td>\n",
       "      <td>0.837562</td>\n",
       "      <td>0.741620</td>\n",
       "      <td>0.366618</td>\n",
       "      <td>0.607663</td>\n",
       "    </tr>\n",
       "    <tr>\n",
       "      <th>BBDC4.SA</th>\n",
       "      <td>0.973263</td>\n",
       "      <td>0.920320</td>\n",
       "      <td>0.300612</td>\n",
       "      <td>1.000000</td>\n",
       "      <td>0.777395</td>\n",
       "      <td>-0.664939</td>\n",
       "      <td>0.527111</td>\n",
       "      <td>0.092281</td>\n",
       "      <td>0.844644</td>\n",
       "      <td>0.370459</td>\n",
       "      <td>0.645933</td>\n",
       "      <td>0.974730</td>\n",
       "      <td>0.896653</td>\n",
       "    </tr>\n",
       "    <tr>\n",
       "      <th>VALE3.SA</th>\n",
       "      <td>0.822178</td>\n",
       "      <td>0.881316</td>\n",
       "      <td>0.590102</td>\n",
       "      <td>0.777395</td>\n",
       "      <td>1.000000</td>\n",
       "      <td>-0.846171</td>\n",
       "      <td>0.709349</td>\n",
       "      <td>-0.259626</td>\n",
       "      <td>0.204803</td>\n",
       "      <td>0.691343</td>\n",
       "      <td>0.794718</td>\n",
       "      <td>0.791172</td>\n",
       "      <td>0.904109</td>\n",
       "    </tr>\n",
       "    <tr>\n",
       "      <th>CIEL3.SA</th>\n",
       "      <td>-0.648587</td>\n",
       "      <td>-0.784997</td>\n",
       "      <td>-0.527684</td>\n",
       "      <td>-0.664939</td>\n",
       "      <td>-0.846171</td>\n",
       "      <td>1.000000</td>\n",
       "      <td>-0.758173</td>\n",
       "      <td>0.561239</td>\n",
       "      <td>-0.282354</td>\n",
       "      <td>-0.796597</td>\n",
       "      <td>-0.866634</td>\n",
       "      <td>-0.708042</td>\n",
       "      <td>-0.841529</td>\n",
       "    </tr>\n",
       "    <tr>\n",
       "      <th>CSAN3.SA</th>\n",
       "      <td>0.531612</td>\n",
       "      <td>0.699812</td>\n",
       "      <td>0.779709</td>\n",
       "      <td>0.527111</td>\n",
       "      <td>0.709349</td>\n",
       "      <td>-0.758173</td>\n",
       "      <td>1.000000</td>\n",
       "      <td>-0.429796</td>\n",
       "      <td>0.286464</td>\n",
       "      <td>0.869121</td>\n",
       "      <td>0.941092</td>\n",
       "      <td>0.597241</td>\n",
       "      <td>0.821084</td>\n",
       "    </tr>\n",
       "    <tr>\n",
       "      <th>ABEV3.SA</th>\n",
       "      <td>0.113629</td>\n",
       "      <td>-0.115752</td>\n",
       "      <td>-0.289727</td>\n",
       "      <td>0.092281</td>\n",
       "      <td>-0.259626</td>\n",
       "      <td>0.561239</td>\n",
       "      <td>-0.429796</td>\n",
       "      <td>1.000000</td>\n",
       "      <td>0.285896</td>\n",
       "      <td>-0.597110</td>\n",
       "      <td>-0.421141</td>\n",
       "      <td>-0.017080</td>\n",
       "      <td>-0.167831</td>\n",
       "    </tr>\n",
       "    <tr>\n",
       "      <th>AZUL4.SA</th>\n",
       "      <td>0.803511</td>\n",
       "      <td>0.763185</td>\n",
       "      <td>0.052480</td>\n",
       "      <td>0.844644</td>\n",
       "      <td>0.204803</td>\n",
       "      <td>-0.282354</td>\n",
       "      <td>0.286464</td>\n",
       "      <td>0.285896</td>\n",
       "      <td>1.000000</td>\n",
       "      <td>0.034986</td>\n",
       "      <td>0.359821</td>\n",
       "      <td>0.844007</td>\n",
       "      <td>0.756568</td>\n",
       "    </tr>\n",
       "    <tr>\n",
       "      <th>BTOW3.SA</th>\n",
       "      <td>0.368923</td>\n",
       "      <td>0.591915</td>\n",
       "      <td>0.837562</td>\n",
       "      <td>0.370459</td>\n",
       "      <td>0.691343</td>\n",
       "      <td>-0.796597</td>\n",
       "      <td>0.869121</td>\n",
       "      <td>-0.597110</td>\n",
       "      <td>0.034986</td>\n",
       "      <td>1.000000</td>\n",
       "      <td>0.888432</td>\n",
       "      <td>0.451388</td>\n",
       "      <td>0.706341</td>\n",
       "    </tr>\n",
       "    <tr>\n",
       "      <th>B3SA3.SA</th>\n",
       "      <td>0.637252</td>\n",
       "      <td>0.788038</td>\n",
       "      <td>0.741620</td>\n",
       "      <td>0.645933</td>\n",
       "      <td>0.794718</td>\n",
       "      <td>-0.866634</td>\n",
       "      <td>0.941092</td>\n",
       "      <td>-0.421141</td>\n",
       "      <td>0.359821</td>\n",
       "      <td>0.888432</td>\n",
       "      <td>1.000000</td>\n",
       "      <td>0.696540</td>\n",
       "      <td>0.896455</td>\n",
       "    </tr>\n",
       "    <tr>\n",
       "      <th>BBAS3.SA</th>\n",
       "      <td>0.957954</td>\n",
       "      <td>0.941147</td>\n",
       "      <td>0.366618</td>\n",
       "      <td>0.974730</td>\n",
       "      <td>0.791172</td>\n",
       "      <td>-0.708042</td>\n",
       "      <td>0.597241</td>\n",
       "      <td>-0.017080</td>\n",
       "      <td>0.844007</td>\n",
       "      <td>0.451388</td>\n",
       "      <td>0.696540</td>\n",
       "      <td>1.000000</td>\n",
       "      <td>0.918758</td>\n",
       "    </tr>\n",
       "    <tr>\n",
       "      <th>^BVSP</th>\n",
       "      <td>0.896442</td>\n",
       "      <td>0.962947</td>\n",
       "      <td>0.607663</td>\n",
       "      <td>0.896653</td>\n",
       "      <td>0.904109</td>\n",
       "      <td>-0.841529</td>\n",
       "      <td>0.821084</td>\n",
       "      <td>-0.167831</td>\n",
       "      <td>0.756568</td>\n",
       "      <td>0.706341</td>\n",
       "      <td>0.896455</td>\n",
       "      <td>0.918758</td>\n",
       "      <td>1.000000</td>\n",
       "    </tr>\n",
       "  </tbody>\n",
       "</table>\n",
       "</div>"
      ],
      "text/plain": [
       "          ITUB4.SA  PETR4.SA  VVAR3.SA  BBDC4.SA  VALE3.SA  CIEL3.SA  \\\n",
       "ITUB4.SA  1.000000  0.921835  0.311067  0.973263  0.822178 -0.648587   \n",
       "PETR4.SA  0.921835  1.000000  0.469080  0.920320  0.881316 -0.784997   \n",
       "VVAR3.SA  0.311067  0.469080  1.000000  0.300612  0.590102 -0.527684   \n",
       "BBDC4.SA  0.973263  0.920320  0.300612  1.000000  0.777395 -0.664939   \n",
       "VALE3.SA  0.822178  0.881316  0.590102  0.777395  1.000000 -0.846171   \n",
       "CIEL3.SA -0.648587 -0.784997 -0.527684 -0.664939 -0.846171  1.000000   \n",
       "CSAN3.SA  0.531612  0.699812  0.779709  0.527111  0.709349 -0.758173   \n",
       "ABEV3.SA  0.113629 -0.115752 -0.289727  0.092281 -0.259626  0.561239   \n",
       "AZUL4.SA  0.803511  0.763185  0.052480  0.844644  0.204803 -0.282354   \n",
       "BTOW3.SA  0.368923  0.591915  0.837562  0.370459  0.691343 -0.796597   \n",
       "B3SA3.SA  0.637252  0.788038  0.741620  0.645933  0.794718 -0.866634   \n",
       "BBAS3.SA  0.957954  0.941147  0.366618  0.974730  0.791172 -0.708042   \n",
       "^BVSP     0.896442  0.962947  0.607663  0.896653  0.904109 -0.841529   \n",
       "\n",
       "          CSAN3.SA  ABEV3.SA  AZUL4.SA  BTOW3.SA  B3SA3.SA  BBAS3.SA     ^BVSP  \n",
       "ITUB4.SA  0.531612  0.113629  0.803511  0.368923  0.637252  0.957954  0.896442  \n",
       "PETR4.SA  0.699812 -0.115752  0.763185  0.591915  0.788038  0.941147  0.962947  \n",
       "VVAR3.SA  0.779709 -0.289727  0.052480  0.837562  0.741620  0.366618  0.607663  \n",
       "BBDC4.SA  0.527111  0.092281  0.844644  0.370459  0.645933  0.974730  0.896653  \n",
       "VALE3.SA  0.709349 -0.259626  0.204803  0.691343  0.794718  0.791172  0.904109  \n",
       "CIEL3.SA -0.758173  0.561239 -0.282354 -0.796597 -0.866634 -0.708042 -0.841529  \n",
       "CSAN3.SA  1.000000 -0.429796  0.286464  0.869121  0.941092  0.597241  0.821084  \n",
       "ABEV3.SA -0.429796  1.000000  0.285896 -0.597110 -0.421141 -0.017080 -0.167831  \n",
       "AZUL4.SA  0.286464  0.285896  1.000000  0.034986  0.359821  0.844007  0.756568  \n",
       "BTOW3.SA  0.869121 -0.597110  0.034986  1.000000  0.888432  0.451388  0.706341  \n",
       "B3SA3.SA  0.941092 -0.421141  0.359821  0.888432  1.000000  0.696540  0.896455  \n",
       "BBAS3.SA  0.597241 -0.017080  0.844007  0.451388  0.696540  1.000000  0.918758  \n",
       "^BVSP     0.821084 -0.167831  0.756568  0.706341  0.896455  0.918758  1.000000  "
      ]
     },
     "execution_count": 4,
     "metadata": {},
     "output_type": "execute_result"
    }
   ],
   "source": [
    "correlacoes"
   ]
  },
  {
   "cell_type": "markdown",
   "metadata": {},
   "source": [
    "### Saving the  table\n",
    "\n",
    "* In case the you want this table, just execute this cell below.\n",
    "\n",
    "* The archive go save in excel model."
   ]
  },
  {
   "cell_type": "code",
   "execution_count": 5,
   "metadata": {},
   "outputs": [
    {
     "ename": "FileCreateError",
     "evalue": "[Errno 13] Permission denied: 'correlation_tables.xlsx'",
     "output_type": "error",
     "traceback": [
      "\u001b[1;31m---------------------------------------------------------------------------\u001b[0m",
      "\u001b[1;31mPermissionError\u001b[0m                           Traceback (most recent call last)",
      "\u001b[1;32m~\\Anaconda3\\lib\\site-packages\\xlsxwriter\\workbook.py\u001b[0m in \u001b[0;36mclose\u001b[1;34m(self)\u001b[0m\n\u001b[0;32m    315\u001b[0m             \u001b[1;32mtry\u001b[0m\u001b[1;33m:\u001b[0m\u001b[1;33m\u001b[0m\u001b[1;33m\u001b[0m\u001b[0m\n\u001b[1;32m--> 316\u001b[1;33m                 \u001b[0mself\u001b[0m\u001b[1;33m.\u001b[0m\u001b[0m_store_workbook\u001b[0m\u001b[1;33m(\u001b[0m\u001b[1;33m)\u001b[0m\u001b[1;33m\u001b[0m\u001b[1;33m\u001b[0m\u001b[0m\n\u001b[0m\u001b[0;32m    317\u001b[0m             \u001b[1;32mexcept\u001b[0m \u001b[0mIOError\u001b[0m \u001b[1;32mas\u001b[0m \u001b[0me\u001b[0m\u001b[1;33m:\u001b[0m\u001b[1;33m\u001b[0m\u001b[1;33m\u001b[0m\u001b[0m\n",
      "\u001b[1;32m~\\Anaconda3\\lib\\site-packages\\xlsxwriter\\workbook.py\u001b[0m in \u001b[0;36m_store_workbook\u001b[1;34m(self)\u001b[0m\n\u001b[0;32m    631\u001b[0m         \u001b[1;32mexcept\u001b[0m \u001b[0mIOError\u001b[0m \u001b[1;32mas\u001b[0m \u001b[0me\u001b[0m\u001b[1;33m:\u001b[0m\u001b[1;33m\u001b[0m\u001b[1;33m\u001b[0m\u001b[0m\n\u001b[1;32m--> 632\u001b[1;33m             \u001b[1;32mraise\u001b[0m \u001b[0me\u001b[0m\u001b[1;33m\u001b[0m\u001b[1;33m\u001b[0m\u001b[0m\n\u001b[0m\u001b[0;32m    633\u001b[0m \u001b[1;33m\u001b[0m\u001b[0m\n",
      "\u001b[1;32m~\\Anaconda3\\lib\\site-packages\\xlsxwriter\\workbook.py\u001b[0m in \u001b[0;36m_store_workbook\u001b[1;34m(self)\u001b[0m\n\u001b[0;32m    629\u001b[0m             xlsx_file = ZipFile(self.filename, \"w\", compression=ZIP_DEFLATED,\n\u001b[1;32m--> 630\u001b[1;33m                                 allowZip64=self.allow_zip64)\n\u001b[0m\u001b[0;32m    631\u001b[0m         \u001b[1;32mexcept\u001b[0m \u001b[0mIOError\u001b[0m \u001b[1;32mas\u001b[0m \u001b[0me\u001b[0m\u001b[1;33m:\u001b[0m\u001b[1;33m\u001b[0m\u001b[1;33m\u001b[0m\u001b[0m\n",
      "\u001b[1;32m~\\Anaconda3\\lib\\zipfile.py\u001b[0m in \u001b[0;36m__init__\u001b[1;34m(self, file, mode, compression, allowZip64, compresslevel)\u001b[0m\n\u001b[0;32m   1239\u001b[0m                 \u001b[1;32mtry\u001b[0m\u001b[1;33m:\u001b[0m\u001b[1;33m\u001b[0m\u001b[1;33m\u001b[0m\u001b[0m\n\u001b[1;32m-> 1240\u001b[1;33m                     \u001b[0mself\u001b[0m\u001b[1;33m.\u001b[0m\u001b[0mfp\u001b[0m \u001b[1;33m=\u001b[0m \u001b[0mio\u001b[0m\u001b[1;33m.\u001b[0m\u001b[0mopen\u001b[0m\u001b[1;33m(\u001b[0m\u001b[0mfile\u001b[0m\u001b[1;33m,\u001b[0m \u001b[0mfilemode\u001b[0m\u001b[1;33m)\u001b[0m\u001b[1;33m\u001b[0m\u001b[1;33m\u001b[0m\u001b[0m\n\u001b[0m\u001b[0;32m   1241\u001b[0m                 \u001b[1;32mexcept\u001b[0m \u001b[0mOSError\u001b[0m\u001b[1;33m:\u001b[0m\u001b[1;33m\u001b[0m\u001b[1;33m\u001b[0m\u001b[0m\n",
      "\u001b[1;31mPermissionError\u001b[0m: [Errno 13] Permission denied: 'correlation_tables.xlsx'",
      "\nDuring handling of the above exception, another exception occurred:\n",
      "\u001b[1;31mFileCreateError\u001b[0m                           Traceback (most recent call last)",
      "\u001b[1;32m<ipython-input-5-dfa47fcc00da>\u001b[0m in \u001b[0;36m<module>\u001b[1;34m\u001b[0m\n\u001b[1;32m----> 1\u001b[1;33m \u001b[0mcorrelacoes\u001b[0m\u001b[1;33m.\u001b[0m\u001b[0mto_excel\u001b[0m\u001b[1;33m(\u001b[0m\u001b[1;34m\"correlation_tables.xlsx\"\u001b[0m\u001b[1;33m)\u001b[0m\u001b[1;33m\u001b[0m\u001b[1;33m\u001b[0m\u001b[0m\n\u001b[0m",
      "\u001b[1;32m~\\Anaconda3\\lib\\site-packages\\pandas\\core\\generic.py\u001b[0m in \u001b[0;36mto_excel\u001b[1;34m(self, excel_writer, sheet_name, na_rep, float_format, columns, header, index, index_label, startrow, startcol, engine, merge_cells, encoding, inf_rep, verbose, freeze_panes)\u001b[0m\n\u001b[0;32m   2179\u001b[0m             \u001b[0mstartcol\u001b[0m\u001b[1;33m=\u001b[0m\u001b[0mstartcol\u001b[0m\u001b[1;33m,\u001b[0m\u001b[1;33m\u001b[0m\u001b[1;33m\u001b[0m\u001b[0m\n\u001b[0;32m   2180\u001b[0m             \u001b[0mfreeze_panes\u001b[0m\u001b[1;33m=\u001b[0m\u001b[0mfreeze_panes\u001b[0m\u001b[1;33m,\u001b[0m\u001b[1;33m\u001b[0m\u001b[1;33m\u001b[0m\u001b[0m\n\u001b[1;32m-> 2181\u001b[1;33m             \u001b[0mengine\u001b[0m\u001b[1;33m=\u001b[0m\u001b[0mengine\u001b[0m\u001b[1;33m,\u001b[0m\u001b[1;33m\u001b[0m\u001b[1;33m\u001b[0m\u001b[0m\n\u001b[0m\u001b[0;32m   2182\u001b[0m         )\n\u001b[0;32m   2183\u001b[0m \u001b[1;33m\u001b[0m\u001b[0m\n",
      "\u001b[1;32m~\\Anaconda3\\lib\\site-packages\\pandas\\io\\formats\\excel.py\u001b[0m in \u001b[0;36mwrite\u001b[1;34m(self, writer, sheet_name, startrow, startcol, freeze_panes, engine)\u001b[0m\n\u001b[0;32m    736\u001b[0m         )\n\u001b[0;32m    737\u001b[0m         \u001b[1;32mif\u001b[0m \u001b[0mneed_save\u001b[0m\u001b[1;33m:\u001b[0m\u001b[1;33m\u001b[0m\u001b[1;33m\u001b[0m\u001b[0m\n\u001b[1;32m--> 738\u001b[1;33m             \u001b[0mwriter\u001b[0m\u001b[1;33m.\u001b[0m\u001b[0msave\u001b[0m\u001b[1;33m(\u001b[0m\u001b[1;33m)\u001b[0m\u001b[1;33m\u001b[0m\u001b[1;33m\u001b[0m\u001b[0m\n\u001b[0m",
      "\u001b[1;32m~\\Anaconda3\\lib\\site-packages\\pandas\\io\\excel\\_xlsxwriter.py\u001b[0m in \u001b[0;36msave\u001b[1;34m(self)\u001b[0m\n\u001b[0;32m    193\u001b[0m         \"\"\"\n\u001b[0;32m    194\u001b[0m \u001b[1;33m\u001b[0m\u001b[0m\n\u001b[1;32m--> 195\u001b[1;33m         \u001b[1;32mreturn\u001b[0m \u001b[0mself\u001b[0m\u001b[1;33m.\u001b[0m\u001b[0mbook\u001b[0m\u001b[1;33m.\u001b[0m\u001b[0mclose\u001b[0m\u001b[1;33m(\u001b[0m\u001b[1;33m)\u001b[0m\u001b[1;33m\u001b[0m\u001b[1;33m\u001b[0m\u001b[0m\n\u001b[0m\u001b[0;32m    196\u001b[0m \u001b[1;33m\u001b[0m\u001b[0m\n\u001b[0;32m    197\u001b[0m     def write_cells(\n",
      "\u001b[1;32m~\\Anaconda3\\lib\\site-packages\\xlsxwriter\\workbook.py\u001b[0m in \u001b[0;36mclose\u001b[1;34m(self)\u001b[0m\n\u001b[0;32m    316\u001b[0m                 \u001b[0mself\u001b[0m\u001b[1;33m.\u001b[0m\u001b[0m_store_workbook\u001b[0m\u001b[1;33m(\u001b[0m\u001b[1;33m)\u001b[0m\u001b[1;33m\u001b[0m\u001b[1;33m\u001b[0m\u001b[0m\n\u001b[0;32m    317\u001b[0m             \u001b[1;32mexcept\u001b[0m \u001b[0mIOError\u001b[0m \u001b[1;32mas\u001b[0m \u001b[0me\u001b[0m\u001b[1;33m:\u001b[0m\u001b[1;33m\u001b[0m\u001b[1;33m\u001b[0m\u001b[0m\n\u001b[1;32m--> 318\u001b[1;33m                 \u001b[1;32mraise\u001b[0m \u001b[0mFileCreateError\u001b[0m\u001b[1;33m(\u001b[0m\u001b[0me\u001b[0m\u001b[1;33m)\u001b[0m\u001b[1;33m\u001b[0m\u001b[1;33m\u001b[0m\u001b[0m\n\u001b[0m\u001b[0;32m    319\u001b[0m             \u001b[1;32mexcept\u001b[0m \u001b[0mLargeZipFile\u001b[0m \u001b[1;32mas\u001b[0m \u001b[0me\u001b[0m\u001b[1;33m:\u001b[0m\u001b[1;33m\u001b[0m\u001b[1;33m\u001b[0m\u001b[0m\n\u001b[0;32m    320\u001b[0m                 raise FileSizeError(\"Filesize would require ZIP64 extensions. \"\n",
      "\u001b[1;31mFileCreateError\u001b[0m: [Errno 13] Permission denied: 'correlation_tables.xlsx'"
     ]
    }
   ],
   "source": [
    "correlacoes.to_excel(\"correlation_tables.xlsx\")"
   ]
  },
  {
   "cell_type": "markdown",
   "metadata": {},
   "source": [
    "## Here are the configs the correlations graph. And after that the correlation graph. "
   ]
  },
  {
   "cell_type": "code",
   "execution_count": null,
   "metadata": {
    "scrolled": false
   },
   "outputs": [],
   "source": [
    "plt.figure(figsize=(10,7))\n",
    "plt.imshow(correlacoes, cmap=\"RdYlGn\", interpolation='none', aspect='auto')\n",
    "plt.colorbar()\n",
    "plt.xticks(range(len(correlacoes)), correlacoes.columns, rotation = 'vertical')\n",
    "plt.yticks(range(len(correlacoes)), correlacoes.columns)\n",
    "plt.suptitle(\"MAPA DE CORRELAÇÕES - RETORNO\", fontsize = 15, fontweight = 'bold')"
   ]
  },
  {
   "cell_type": "code",
   "execution_count": null,
   "metadata": {},
   "outputs": [],
   "source": [
    "correlacoes_grafico.savefig(\"crafico_correlacoes.png\", format = 'png')"
   ]
  }
 ],
 "metadata": {
  "kernelspec": {
   "display_name": "Python 3",
   "language": "python",
   "name": "python3"
  },
  "language_info": {
   "codemirror_mode": {
    "name": "ipython",
    "version": 3
   },
   "file_extension": ".py",
   "mimetype": "text/x-python",
   "name": "python",
   "nbconvert_exporter": "python",
   "pygments_lexer": "ipython3",
   "version": "3.7.7"
  }
 },
 "nbformat": 4,
 "nbformat_minor": 4
}
